tree
version=v4
num_class=1
num_tree_per_iteration=1
label_index=0
max_feature_idx=161
objective=lambdarank
feature_names=candidate_score retrieval_rank user_avg_rating_before user_rating_count_before user_like_rate_before user_activity_gap_log movie_avg_rating_before movie_rating_count_before movie_like_rate_before movie_popularity_before release_year hour_of_day day_of_week user_avg_minus_movie_avg user_genre_affinity genre_unknown genre_Action genre_Adventure genre_Animation genre_Children genre_Comedy genre_Crime genre_Documentary genre_Drama genre_Fantasy genre_Film-Noir genre_Horror genre_Musical genre_Mystery genre_Romance genre_Sci-Fi genre_Thriller genre_War genre_Western user_retrieval_vector_00 user_retrieval_vector_01 user_retrieval_vector_02 user_retrieval_vector_03 user_retrieval_vector_04 user_retrieval_vector_05 user_retrieval_vector_06 user_retrieval_vector_07 user_retrieval_vector_08 user_retrieval_vector_09 user_retrieval_vector_10 user_retrieval_vector_11 user_retrieval_vector_12 user_retrieval_vector_13 user_retrieval_vector_14 user_retrieval_vector_15 user_retrieval_vector_16 user_retrieval_vector_17 user_retrieval_vector_18 user_retrieval_vector_19 user_retrieval_vector_20 user_retrieval_vector_21 user_retrieval_vector_22 user_retrieval_vector_23 user_retrieval_vector_24 user_retrieval_vector_25 user_retrieval_vector_26 user_retrieval_vector_27 user_retrieval_vector_28 user_retrieval_vector_29 user_retrieval_vector_30 user_retrieval_vector_31 movie_retrieval_vector_00 movie_retrieval_vector_01 movie_retrieval_vector_02 movie_retrieval_vector_03 movie_retrieval_vector_04 movie_retrieval_vector_05 movie_retrieval_vector_06 movie_retrieval_vector_07 movie_retrieval_vector_08 movie_retrieval_vector_09 movie_retrieval_vector_10 movie_retrieval_vector_11 movie_retrieval_vector_12 movie_retrieval_vector_13 movie_retrieval_vector_14 movie_retrieval_vector_15 movie_retrieval_vector_16 movie_retrieval_vector_17 movie_retrieval_vector_18 movie_retrieval_vector_19 movie_retrieval_vector_20 movie_retrieval_vector_21 movie_retrieval_vector_22 movie_retrieval_vector_23 movie_retrieval_vector_24 movie_retrieval_vector_25 movie_retrieval_vector_26 movie_retrieval_vector_27 movie_retrieval_vector_28 movie_retrieval_vector_29 movie_retrieval_vector_30 movie_retrieval_vector_31 retrieval_vector_product_00 retrieval_vector_product_01 retrieval_vector_product_02 retrieval_vector_product_03 retrieval_vector_product_04 retrieval_vector_product_05 retrieval_vector_product_06 retrieval_vector_product_07 retrieval_vector_product_08 retrieval_vector_product_09 retrieval_vector_product_10 retrieval_vector_product_11 retrieval_vector_product_12 retrieval_vector_product_13 retrieval_vector_product_14 retrieval_vector_product_15 retrieval_vector_product_16 retrieval_vector_product_17 retrieval_vector_product_18 retrieval_vector_product_19 retrieval_vector_product_20 retrieval_vector_product_21 retrieval_vector_product_22 retrieval_vector_product_23 retrieval_vector_product_24 retrieval_vector_product_25 retrieval_vector_product_26 retrieval_vector_product_27 retrieval_vector_product_28 retrieval_vector_product_29 retrieval_vector_product_30 retrieval_vector_product_31 retrieval_vector_abs_diff_00 retrieval_vector_abs_diff_01 retrieval_vector_abs_diff_02 retrieval_vector_abs_diff_03 retrieval_vector_abs_diff_04 retrieval_vector_abs_diff_05 retrieval_vector_abs_diff_06 retrieval_vector_abs_diff_07 retrieval_vector_abs_diff_08 retrieval_vector_abs_diff_09 retrieval_vector_abs_diff_10 retrieval_vector_abs_diff_11 retrieval_vector_abs_diff_12 retrieval_vector_abs_diff_13 retrieval_vector_abs_diff_14 retrieval_vector_abs_diff_15 retrieval_vector_abs_diff_16 retrieval_vector_abs_diff_17 retrieval_vector_abs_diff_18 retrieval_vector_abs_diff_19 retrieval_vector_abs_diff_20 retrieval_vector_abs_diff_21 retrieval_vector_abs_diff_22 retrieval_vector_abs_diff_23 retrieval_vector_abs_diff_24 retrieval_vector_abs_diff_25 retrieval_vector_abs_diff_26 retrieval_vector_abs_diff_27 retrieval_vector_abs_diff_28 retrieval_vector_abs_diff_29 retrieval_vector_abs_diff_30 retrieval_vector_abs_diff_31
feature_infos=[0.5:0.99235522747039795] [1:1000] [1.4907407407407407:4.8636363636363633] [0:736] [0:1] [0:15.390120351660949] [1:5] [0:472] [0:1] [0:6.1590953884919326] [1922:1998] [0:23] [0:6] [-3.5092592592592595:3.8636363636363633] [0:0.9242424242424242] [0:1] [0:1] [0:1] [0:1] [0:1] [0:1] [0:1] [0:1] [0:1] [0:1] [0:1] [0:1] [0:1] [0:1] [0:1] [0:1] [0:1] [0:1] [0:1] [0:0.4086112380027771] [0:0.35867878794670105] [0:0.72784483432769775] [0:0.6098293662071228] [0:0.32407921552658081] [0:0.64878439903259277] [0:0.64613956212997437] [0:0.39621803164482117] [0:0.52744579315185547] [0:0.77576357126235962] [0:0.25269913673400879] [0:0.63858139514923096] [0:0.76272517442703247] [0:0.9546697735786438] [0:0.75228440761566162] [0:0.4174714982509613] [0:0.42856532335281372] [0:0.95290684700012207] [0:0.58040547370910645] [0:0.72117161750793457] [0:0.8339691162109375] [0:0.56559830904006958] [0:0.58459025621414185] [0:0.58004593849182129] [0:0.50599378347396851] [0:0.75758475065231323] [0:0.672199547290802] [0:0.47136464715003967] [0:0.53447377681732178] [0:0.55656075477600098] [0:0.62465178966522217] [0:0.19405809044837952] [0:0.66266101598739624] [0:0.91969048976898193] [0:0.81476467847824097] [0:0.61887979507446289] [0:0.2947639524936676] [0:0.85079503059387207] [0:0.76727181673049927] [0:0.6348496675491333] [0:0.4138529896736145] [0:0.60550564527511597] [0:0.09749004989862442] [0:0.76198709011077881] [0:0.82649117708206177] [0:0.33153346180915833] [0:0.75346368551254272] [0:0.44523072242736816] [0:0.93552017211914063] [0:0.9440302848815918] [0:0.31065759062767029] [0:0.76953238248825073] [0:0.75357598066329956] [0:0.82291406393051147] [0:0.44941458106040955] [0:0.59225130081176758] [0:0.62758791446685791] [0:0.19836132228374481] [0:0.67580479383468628] [0:0.41053310036659241] [0:0.94459128379821777] [0:0.89643049240112305] [0:0.82585835456848145] [0:0.85065442323684692] [0:0.26947382092475891] [0:0.2803894579410553] [0:0.50293606519699097] [0:0.37741106748580933] [0:0.080438606441020966] [0:0.54981362819671631] [0:0.47979047894477844] [0:0.13106966018676758] [0:0.17079471051692963] [0:0.4697292149066925] [0:0.023377636447548866] [0:0.48603183031082153] [0:0.51991194486618042] [0:0.28524294495582581] [0:0.54688507318496704] [0:0.14870128035545349] [0:0.34548529982566833] [0:0.88802945613861084] [0:0.17276959121227264] [0:0.547027587890625] [0:0.59197098016738892] [0:0.42254176735877991] [0:0.24056573212146759] [0:0.34353294968605042] [0:0.31755557656288147] [0:0.145978644490242] [0:0.44326359033584595] [0:0.17948262393474579] [0:0.48568856716156006] [0:0.49304383993148804] [0:0.47055372595787048] [0:0.13410481810569763] [0:0.66266101598739624] [0:0.91969048976898193] [0:0.81476467847824097] [0:0.61887979507446289] [0:0.32407921552658081] [0:0.85079503059387207] [0:0.76727181673049927] [0:0.6348496675491333] [0:0.52744579315185547] [0:0.77576357126235962] [0:0.25269913673400879] [0:0.76198709011077881] [0:0.82649117708206177] [0:0.9546697735786438] [0:0.75346368551254272] [0:0.44523072242736816] [0:0.93552017211914063] [0:0.95290684700012207] [0:0.58040547370910645] [0:0.76953238248825073] [0:0.8339691162109375] [0:0.82291406393051147] [0:0.58459025621414185] [0:0.59225130081176758] [0:0.62758791446685791] [0:0.75758475065231323] [0:0.67580479383468628] [0:0.47136464715003967] [0:0.94459128379821777] [0:0.89643049240112305] [0:0.82585835456848145] [0:0.85065442323684692]
tree_sizes=3333 3370 3307 3374 3292 3311 3324 3413 3284 3285 3315

Tree=0
num_leaves=30
num_cat=0
split_feature=7 1 7 7 1 7 10 10 85 0 117 72 1 0 127 0 6 1 82 119 118 133 7 7 10 112 7 136 7
split_gain=970.453 187.277 112.254 63.5343 36.175 32.2934 23.6088 20.7061 18.1924 11.8557 10.1937 9.58611 8.40167 8.03158 7.86068 6.90787 6.2068 5.37023 5.36242 5.01448 4.63278 5.21476 3.93344 3.76601 3.62706 3.34393 3.31295 3.24196 3.19909
threshold=65.500000000000014 65.500000000000014 15.500000000000002 148.50000000000003 41.500000000000007 27.500000000000004 1995.5000000000002 1995.5000000000002 0.22398573160171512 0.88258290290832531 0.12074777483940126 0.27748844027519232 33.500000000000007 0.89157509803771984 0.22155300527811053 0.82425305247306835 3.7492331288343563 12.500000000000002 0.18235718458890918 0.032716112211346633 0.069695882499218001 0.068036247044801726 46.500000000000007 19.500000000000004 1943.5000000000002 0.1350883021950722 3.5000000000000004 0.21985127031803134 207.50000000000003
decision_type=2 2 2 2 2 2 2 2 2 2 2 2 2 2 2 2 2 2 2 2 2 2 2 2 2 2 2 2 2
left_child=1 5 26 4 24 8 9 13 17 -6 19 16 -5 -4 25 -9 -10 18 20 -7 -1 -22 -15 -17 -2 -13 -3 -23 -14
right_child=3 2 7 12 6 10 -8 15 11 -11 -12 14 28 22 -16 23 -18 -19 -20 -21 21 27 -24 -25 -26 -27 -28 -29 -30
leaf_value=0.06033419691646949 0.027150601937449226 -0.093177254390797937 -0.04761819127063379 0.089111711672463956 -0.0054786755822274248 0.054442246638883321 0.059541529292350584 -0.012817510008613931 -0.030732497031665501 0.03360919747851334 0.012099958553861319 -0.05505302473464653 0.062615479626132967 -0.025034186904146258 0.044409915400239489 -0.010459419309658869 0.020432306198751308 -0.0026119329027743804 -0.036280088357902737 0 -0.026689982974514106 0.046484147729299319 0.0054779548815335373 0.033178047550602011 0.073513021865964923 0 -0.066817111223046011 -0.016358736549307723 0.080864617201874309
leaf_weight=14.902622452529618 7.6401997377124635 57.423409474627988 30.346731716639624 479.57611188155852 27.738135700790735 69.336258293874835 77.931527977378209 14.969623108838276 7.8978111853302861 55.108284829554577 24.41091484986282 20.8359562193532 81.931506624162466 23.382297660447875 1.4724561008952139 4.4668382653362633 16.33284606620964 11.073340593074134 1.3245182707905758 3.6305994727408679 3.7168912050547069 8.6348196918843296 16.140195637495708 28.704490880347294 206.35195197048051 3.1605837982897347 50.233749318158516 1.3920794118894253 136.2626277968302
leaf_count=295 566 168547 59597 5658 35382 6531 43690 22079 1950 59382 3876 4829 43106 50629 22 8541 2372 4565 107 784 260 204 25037 30486 6964 731 127654 104 37052
internal_value=0 -0.0144613 -0.0451213 0.0755893 0.0584285 0.0222298 0.0397335 -0.0110117 0.000432985 0.0203146 0.0420768 -0.0194621 0.0846737 -0.0283504 -0.0403271 0.0137089 0.00220755 0.025008 0.0357748 0.0514683 0.0410611 0.0157925 -0.012129 0.0264361 0.072108 -0.0480955 -0.0818356 0.0347999 0.0744431
internal_weight=0 413.789 225.667 1072.54 374.77 188.122 160.778 118.01 90.7439 82.8464 97.3778 49.6997 697.77 69.8692 25.469 48.141 24.2307 41.0443 29.9709 72.9669 28.6464 13.7438 39.5225 33.1713 213.992 23.9965 107.657 10.0269 218.194
internal_count=751000 519200 492570 231800 145984 26630 138454 196369 15439 94764 11191 9904 85816 135263 5582 61106 4322 5535 970 7315 863 568 75666 39027 7530 5560 296201 308 80158
is_linear=0
shrinkage=0.05


Tree=1
num_leaves=30
num_cat=0
split_feature=7 7 7 3 10 14 14 14 6 14 6 14 147 3 149 14 10 7 10 14 141 14 14 7 3 7 144 10 71
split_gain=2000.47 168.54 112.357 71.7076 66.9301 47.619 47.6057 29.6253 28.5802 24.5777 21.6037 18.6147 19.2965 17.9394 15.9114 15.6466 15.2304 14.4889 12.9924 12.5575 12.2788 11.1585 10.1908 10.1357 9.30124 8.91372 9.52689 8.35201 8.35008
threshold=148.50000000000003 65.500000000000014 207.50000000000003 43.500000000000007 1995.5000000000002 0.13339598997493737 0.3376345876345877 0.33101019912578927 4.2436208010335923 0.083430007733952066 4.0570151679306621 0.29144292893036622 0.24962504953145984 71.500000000000014 0.43470411002635961 0.27068317345086862 1973.5000000000002 15.500000000000002 1996.5000000000002 0.40629502881844387 0.24615482240915301 0.051628047857034683 0.18693620479479889 19.500000000000004 48.500000000000007 371.00000000000006 0.23578514158725741 1995.5000000000002 0.44343131780624395
decision_type=2 2 2 2 2 2 2 2 2 2 2 2 2 2 2 2 2 2 2 2 2 2 2 2 2 2 2 2 2
left_child=1 7 5 4 19 13 9 23 11 18 14 12 20 -2 25 -5 -15 -9 21 -3 -7 -4 -6 -1 27 26 -11 -19 -13
right_child=2 3 6 15 22 8 -8 17 -10 10 -12 28 -14 16 -16 -17 -18 24 -20 -21 -22 -23 -24 -25 -26 -27 -28 -29 -30
leaf_value=-0.083056470156729609 -0.033765165851374949 -0.05207675700617953 -0.037666367988824813 -0.040194556681690613 0.012803815290070374 0.043098151983770351 0.082197635012039222 -0.0696326652979712 0.072797990901985271 0.060363268611701208 0.07405023980949528 0.057576728320327536 -0.016751799102924163 0.049256178275489899 0.010944171552808394 -0.0099525579498777866 -0.012103810908050218 -0.026634150164193002 0.062223265673957077 0.017913085791697037 0 0.026498722791789255 0.059577924913514116 -0.059234607863300426 -0.034195083853173991 0.074902330773339951 0.037509116838608123 0.039531227662025319 -0.0049380099099632863
leaf_weight=116.53507421226823 21.055656832628301 25.366068530802295 8.094287981381056 113.26620548435676 17.285708468829398 93.027110132614325 797.04320534315593 13.478326232547259 107.02831387095648 242.55812614062961 551.86808704270152 122.84059972808609 19.691522553112009 21.8442883559037 18.925669378317252 73.784594965349243 16.623819565917074 6.3031504794489619 18.485596103622811 7.2842775731696738 21.144347644178197 24.218938456237083 55.96314045303734 120.8835869040704 17.752990837139805 97.562453179998556 72.918336941645975 11.788250353529291 4.6585561245956333
leaf_count=288409 7013 31437 995 62344 6316 8362 11005 39590 3193 8542 8679 10566 5719 1338 1938 31184 3532 11972 403 4730 4736 1352 9973 154388 18386 1882 5292 6455 1269
internal_value=0 -0.0367306 0.0673097 -0.00989613 0.022715 0.0439109 0.0727356 -0.0639296 0.0506017 0.0653499 0.0671335 0.0411742 0.0274364 0.00193633 0.0580884 -0.0285145 0.0224715 -0.0270932 0.0296952 -0.0356508 0.035354 0.00902707 0.0491977 -0.0713316 -0.00896305 0.0601565 0.055295 0.0149817 0.0550774
internal_weight=0 579.691 2259.59 292.95 105.899 427.914 1831.67 286.741 368.39 1034.63 983.833 261.362 133.863 59.5238 431.965 187.051 38.4681 49.3227 50.7988 32.6503 114.171 32.3132 73.2488 237.419 35.8444 413.039 315.476 18.0914 127.499
internal_count=751000 665184 85816 145984 52456 45728 40088 519200 33845 29083 26333 30652 18817 11883 17654 93528 4870 76403 2750 36167 13098 2347 16289 442797 36813 15716 13834 18427 11835
is_linear=0
shrinkage=0.05


Tree=2
num_leaves=30
num_cat=0
split_feature=7 7 7 1 1 10 3 7 1 7 1 3 7 8 0 10 3 85 10 8 1 85 10 7 86 93 132 1 118
split_gain=2120.07 181.332 50.5831 50.4249 33.9262 43.4293 40.0584 23.9998 16.1318 12.29 8.88375 8.76028 8.6716 12.7684 8.33667 8.07832 15.2027 6.24476 6.20857 5.89055 5.10986 4.79105 4.65052 3.84226 3.18403 2.9531 2.62865 2.58283 2.49664
threshold=184.00000000000003 65.500000000000014 313.00000000000006 286.50000000000006 33.500000000000007 1996.5000000000002 48.500000000000007 209.00000000000003 366.50000000000006 15.500000000000002 677.50000000000011 48.500000000000007 207.50000000000003 0.84981203007518802 0.79321470856666576 1996.5000000000002 48.500000000000007 0.30755776166915899 1996.5000000000002 0.64879240943070748 865.50000000000011 0.4224392175674439 1986.5000000000002 131.50000000000003 0.36997899413108831 0.28728352487087255 0.2986923754215241 459.50000000000006 0.087069891393184676
decision_type=2 2 2 2 2 2 2 2 2 2 2 2 2 2 2 2 2 2 2 2 2 2 2 2 2 2 2 2 2
left_child=1 9 3 12 17 8 25 18 23 -1 -4 -12 13 -2 19 -11 -17 -3 -5 20 -9 22 -16 -6 -14 26 -7 -23 -25
right_child=2 4 10 7 5 6 -8 14 -10 15 11 -13 24 -15 21 16 -18 -19 -20 -21 -22 27 -24 28 -26 -27 -28 -29 -30
leaf_value=-0.080169624529680864 0.0088913991638250017 0.045792532911253424 0.077732159889349839 -0.014302925728968165 -0.025323192420971464 0.049880794141447249 -0.03402344256691682 0.046385840609559914 -0.044085579732983042 -0.063120019079306991 0.070531170373910351 0.025318594144682644 0.063029568004878953 0.063451393797145234 0.036273515024674644 0.0047166194904155398 -0.063280362622928008 0 0.036289308516709071 0 -0.005922742671414797 0.042057609926495418 0.060269611208868284 -0.014471673980540244 0.071289429903246576 -0.01392958626985428 0 0.013143814706713781 0.0075052425660530903
leaf_weight=136.8051330347007 19.968613219731196 24.627325217996258 814.80505153621198 22.61522754106409 46.49561407987494 38.93066047753382 24.962572287549847 24.378926658042477 106.6128685418953 121.52703382537584 29.855805314422469 22.347787586215418 527.33550827706495 26.855471673610737 38.80146012455225 14.607689994500108 15.803821040521141 10.267980619919397 7.1256571121120933 15.816649863438213 4.4637206010665968 31.919172919122502 123.04212746452686 27.579805284189206 408.59840316305053 1.0555759683775239 3.4320864202672956 15.516247464322076 21.168752935998782
leaf_count=306819 5674 3271 8939 7931 38492 7556 14970 1348 84346 179993 780 1147 9450 1217 2529 12811 19577 4535 925 1343 608 1545 4851 13634 5600 675 1290 1308 7836
internal_value=0 -0.0399694 0.066765 0.0601604 -0.0129207 -0.0189882 0.0150447 0.0410807 -0.0306577 -0.0683239 0.0763031 0.0524857 0.0655951 0.0413789 0.0460414 -0.0570402 -0.0307128 0.0325912 -0.000582038 0.0244508 0.0375256 0.0503916 0.0549282 -0.0150654 0.0667345 0.0439493 0.046256 0.0335826 -0.00446678
internal_weight=0 593.877 2133.45 1266.44 305.133 270.238 68.3809 283.679 201.857 288.744 867.009 52.2036 982.758 46.8241 253.938 151.939 30.4115 34.8953 29.7409 44.6593 28.8426 209.279 161.844 95.2442 935.934 43.4183 42.3627 47.4354 48.7486
internal_count=751000 695805 55195 44329 176605 168799 24491 22388 144308 519200 10866 1927 21941 6891 13532 212381 32388 7806 8856 3299 1956 10233 7380 59962 15050 9521 8846 2853 21470
is_linear=0
shrinkage=0.05


Tree=3
num_leaves=30
num_cat=0
split_feature=7 7 14 7 14 89 6 7 10 77 7 14 83 7 14 14 144 1 72 7 14 10 10 95 1 1 14 94 1
split_gain=2122.51 113.502 95.0758 44.9299 31.0087 21.1435 16.1353 14.5978 14.1175 13.502 8.6383 8.41357 7.84965 7.37729 8.13615 7.08119 6.67984 6.51573 6.48344 6.57046 7.79885 6.35465 6.02069 5.54561 5.351 5.02043 4.99382 7.27919 4.64399
threshold=184.00000000000003 65.500000000000014 0.3376345876345877 207.50000000000003 0.32005291005291014 0.30162820219993597 4.2436208010335923 313.00000000000006 1996.5000000000002 0.37340787053108221 313.00000000000006 0.23260560037968681 0.35471108555793768 15.500000000000002 0.33101019912578927 0.089587440157702078 0.23297819495201114 366.50000000000006 0.3175386935472489 419.00000000000006 0.27323992883466774 1996.5000000000002 1996.5000000000002 0.48216353356838232 258.50000000000006 96.500000000000014 0.18038595184909409 0.080155666917562499 308.50000000000006
decision_type=2 2 2 2 2 2 2 2 2 2 2 2 2 2 2 2 2 2 2 2 2 2 2 2 2 2 2 2 2
left_child=1 13 3 25 6 9 22 -4 17 12 24 -11 15 -1 -15 21 -14 -6 19 23 -21 -5 28 26 -7 -2 27 -17 -3
right_child=2 4 7 5 8 10 -8 -9 -10 11 -12 -13 16 14 -16 18 -18 -19 -20 20 -22 -23 -24 -25 -26 -27 -28 -29 -30
leaf_value=-0.076068271393873996 0.018391374408738143 -0.028896136422258009 0.064084289416942164 -0.0052947676366344046 0.0043148132216648937 0.021420942921548308 0.012386580510453001 0.076489914483893723 0.033322285579444492 0.0017349714567493069 0.045974365285855912 0.04333809775865638 0.038808684781752055 -0.063602364299169781 -0.03135260258852527 0.023741804766302468 -0.021715793376399662 -0.030100994470291242 0.0058187924983182397 -0.02520534737380932 0.043071106166943499 0.047581626815816756 -0.016592315183822658 0.017011740903601157 -0.018221383992493942 -0.024931812389651663 0.066107070890308733 0.057403874828798267 -0.051471338187884332
leaf_weight=145.75172832900353 8.4183490821305913 50.131748596439138 436.66159847017843 8.4533319796028081 30.06905192881095 17.972921642678557 16.562119172784151 902.2424440701725 27.161477107656538 19.584999758852064 19.279730180292972 38.282026838453021 28.343991340429056 118.75527065243296 31.278420884576917 22.757249798800331 4.1684518742258652 22.577767887050868 6.8534763384232056 3.8503541348036405 23.879315939149819 11.917352062882856 32.529649309035449 9.4656116336118412 14.099268061530891 19.540139120523236 357.05745031916013 177.48616794022382 74.788869725860422
leaf_count=306819 1692 38932 10940 1921 15476 1507 6112 3348 6895 2473 920 1785 1667 175568 36813 1177 917 18538 1209 180 333 399 17612 1221 3392 10132 6345 3637 73040
internal_value=0 -0.0458066 0.0643116 0.05033 -0.0210129 0.0526141 -0.0328106 0.0725135 0.00448899 0.0548763 0.020317 0.0299509 0.0569937 -0.066856 -0.0572967 0.0583209 0.0298864 -0.0102645 0.0593559 0.0599203 0.0321732 0.0252484 -0.0377708 0.0611748 0.00321383 -0.0108392 0.0618483 0.0538395 -0.0429117
internal_weight=0 549.606 2130.31 791.41 253.821 763.452 174.012 1338.9 79.8083 712.1 51.3519 57.867 654.233 295.785 150.034 621.72 32.5124 52.6468 601.35 594.496 27.7297 20.3707 157.45 566.766 32.0722 27.9585 557.301 200.243 124.921
internal_count=751000 695805 55195 40907 176605 29083 135696 14288 40909 23264 5819 4258 19006 519200 212381 16422 2584 34014 14102 12893 513 2320 129584 12380 4899 11824 11159 4814 111972
is_linear=0
shrinkage=0.05


Tree=4
num_leaves=30
num_cat=0
split_feature=9 9 9 1 14 14 14 0 9 3 10 14 14 9 6 14 1 96 85 92 75 0 71 14 14 10 1 14 0
split_gain=2012.26 85.4227 52.812 29.8307 34.9755 24.0646 12.6696 12.6032 12.125 9.226 8.68841 7.89744 7.51028 15.0313 7.23762 6.28723 5.72926 5.45064 4.32015 3.7794 3.67492 3.02539 3.20129 2.69201 2.40943 3.63964 2.39722 2.23991 2.11965
threshold=5.2203412156610947 4.4005842009683471 5.7413877440096739 286.50000000000006 0.3376345876345877 0.32005291005291014 0.39138171127959159 0.9251341223716737 3.3842466058243152 38.500000000000007 1996.5000000000002 0.4422693840024518 0.33372003093580827 5.3399361658330653 4.0570151679306621 0.17818665377176018 214.50000000000003 0.16582380980253222 0.52849861979484569 0.37202775478363043 0.17980567365884784 0.7904036045074464 0.16895835101604464 0.15005070993914812 0.2069395476825179 1996.5000000000002 366.50000000000006 0.12513736263736266 0.75202357769012462
decision_type=2 2 2 2 2 2 2 2 2 2 2 2 2 2 2 2 2 2 2 2 2 2 2 2 2 2 2 2 2
left_child=1 8 3 12 7 16 15 19 -1 10 -7 24 13 -2 20 28 -3 23 -6 -5 27 22 -17 -9 -10 -26 -11 -15 -4
right_child=2 5 6 4 18 9 -8 17 11 26 -12 -13 -14 14 -16 21 -18 -19 -20 -21 -22 -23 -24 -25 25 -27 -28 -29 -30
leaf_value=-0.069473410855905068 -0.0025855500492548132 -0.015284125253153128 0.013092774905326952 -0.024523421418774758 0.052836923622849724 -0.0016441795419959199 0.074071026236640566 0 -0.059737136359541421 0 0.051764612932199583 -0.0029104573372079573 0.063531047047647601 0 0.057071203384026284 0.023443648176926988 -0.039138765718584032 0 0.0036430870443124766 0.021251074157729789 1.162578967452361e-05 0.066385088885813501 0.057163160234705607 0.045380862889529187 -0.047074017793713202 -0.010532260508868116 -0.024236696561479618 0.042370217043636062 0.049244350443764434
leaf_weight=202.88479272063705 11.854466842181862 43.610807855358871 7.3547902636637437 27.923928059797621 104.89946001488715 12.878312334796647 653.679138630745 2.8439849364222054 68.403491034419858 20.142494789339253 14.838305617478909 10.183883735357083 293.0570902206091 3.005105827440274 214.24667459180637 14.635994513606418 87.436822639494494 14.404972930475195 5.967392659833421 3.9634224549663477 8.4501335179666039 561.64647581797908 38.647718523396179 19.999648815683031 48.377068863679597 10.859251322115595 16.341337730991654 38.64301779170637 62.453653991353349
leaf_count=384159 5096 29929 586 10169 4195 9627 2141 551 94066 10125 2128 9387 5722 556 5961 583 77659 4625 805 376 1671 5699 498 1509 59510 8364 10851 2375 2077
internal_value=0 -0.0460185 0.0625008 0.0515594 0.0331633 -0.0193254 0.0685642 0.0047317 -0.0611409 0.00537684 0.026885 -0.0482828 0.0572642 0.0503194 0.0527869 0.0631704 -0.0315655 0.0244636 0.0504688 -0.0176006 0.0332174 0.0649981 0.0489641 0.0391347 -0.0516578 -0.0410762 -0.0105772 0.0392102 0.0460273
internal_weight=0 535.957 2087.68 749.259 180.003 195.248 1338.42 69.136 340.708 64.2005 27.7166 137.824 569.256 276.199 264.345 684.739 131.048 37.2486 110.867 31.8874 50.0983 614.93 53.2837 22.8436 127.64 59.2363 36.4838 41.6481 69.8084
internal_count=751000 695805 55195 43611 22230 140319 11584 17230 555486 32731 11755 171327 21381 15659 10563 9443 107588 6685 5000 10545 4602 6780 1081 2060 161940 67874 20976 2931 2663
is_linear=0
shrinkage=0.05


Tree=5
num_leaves=30
num_cat=0
split_feature=7 7 7 1 10 3 7 1 7 10 150 0 3 10 10 4 7 6 89 87 10 3 10 0 66 133 89 61 68
split_gain=1801.28 83.4289 40.6463 22.6692 21.1112 21.814 11.6256 8.37569 8.19082 6.30849 4.91553 4.55002 4.63672 4.09369 3.55935 3.48847 3.16362 3.93523 3.06125 3.06988 2.5717 2.52359 2.29099 2.04558 1.81982 1.73611 1.64445 1.62512 1.55835
threshold=184.00000000000003 80.500000000000014 310.50000000000006 286.50000000000006 1996.5000000000002 48.500000000000007 28.500000000000004 366.50000000000006 210.50000000000003 1996.5000000000002 0.40908403694629675 0.94262379407882702 115.00000000000001 1996.5000000000002 1996.5000000000002 0.67295821462488148 209.00000000000003 4.0387976777576631 0.39068242907524114 0.22313634306192401 1986.5000000000002 161.50000000000003 1995.5000000000002 0.87775570154190075 0.19908105581998828 0.34533520042896276 0.46302068233489996 0.3303761780261994 0.23352950066328051
decision_type=2 2 2 2 2 2 2 2 2 2 2 2 2 2 2 2 2 2 2 2 2 2 2 2 2 2 2 2 2
left_child=1 6 3 14 7 25 -1 15 9 -5 20 12 -4 -8 16 21 17 -2 19 28 23 22 27 -10 -22 26 -6 -3 -14
right_child=2 4 11 8 5 -7 13 -9 10 -11 -12 -13 18 -15 -16 -17 -18 -19 -20 -21 24 -23 -24 -25 -26 -27 -28 -29 -30
leaf_value=-0.066178276314088444 0.0058265765307760559 -0.037060824983166665 0.064688676287323055 -0.011925062787718207 0.043932413372600405 -0.031178601055134147 -0.049481575038986855 -0.039176912680413976 -0.004837410258998494 0.040071873509892782 0.011787470618825756 0.068561585526048394 0.062361983847545391 -0.02196601845695656 0.064886890386471885 0.00099706761556344107 0.053893762844926855 0.045341995964033897 0.02360212767914345 0.035043493304559012 0.046649088601956254 -0.0046981216759365042 0 0.029223363871305127 0 0 -0.0038266982527897248 0.0036858962531247349 0.038462600237580274
leaf_weight=202.30235932994037 11.157316913457178 28.175156689729196 341.92685624067963 16.260315883533625 26.532455955675694 16.693402042481466 113.27091542983544 65.361821856458846 3.9674494728678864 7.6222536605782798 19.297810985241085 822.60637274931651 92.432959246449172 22.057030301337363 120.66238787418115 23.729281570842431 416.52124982931127 22.71250554582366 14.274454521248115 29.474386530113406 93.185922706863494 19.828399242265732 5.8270375544961999 16.698736730410019 1.9331590407527972 2.1351919255394014 0.75033498767152096 1.2885333826707199 21.041610788612161
leaf_count=384159 3978 25955 4148 8097 6251 12121 150949 63107 880 925 2985 5124 633 20378 2114 16268 12856 2433 379 947 7014 10713 3617 1984 345 923 563 801 353
internal_value=0 -0.0431463 0.0603243 0.0505161 -0.016372 0.0125145 -0.0580721 -0.0258033 0.0330455 0.00460883 0.0378185 0.0656804 0.0607545 -0.0453742 0.0552695 -0.0140522 0.0524995 0.0335823 0.0516857 0.0541329 0.0418049 -0.0208788 -0.0289013 0.0216091 0.0456622 0.0383402 0.0416461 -0.0343957 0.0585234
internal_weight=0 527.952 2051.78 730.019 190.322 46.1114 337.63 144.21 158.966 23.8826 135.083 1321.76 499.15 135.328 571.053 78.8484 450.391 33.8698 157.223 142.949 115.785 55.1191 35.2907 20.6662 95.1191 29.418 27.2828 29.4637 113.475
internal_count=751000 695805 55195 43611 140319 19858 555486 120461 22230 9022 13208 11584 6460 171327 21381 57354 19267 6411 2312 1933 10223 41086 30373 2864 7359 7737 6814 26756 986
is_linear=0
shrinkage=0.05


Tree=6
num_leaves=30
num_cat=0
split_feature=7 7 14 7 14 29 10 14 7 7 14 3 14 89 1 77 93 85 150 95 149 141 14 0 14 96 7 85 87
split_gain=1573.03 85.6012 44.6604 35.2463 28.6387 13.8109 12.73 11.9548 11.2979 8.92762 8.43417 7.86382 6.35241 5.81752 4.95831 4.67941 4.49218 3.63637 2.99896 2.90606 2.6921 2.69025 2.55101 2.49662 2.27639 6.02125 2.21389 3.04357 3.25576
threshold=184.00000000000003 79.500000000000014 0.3376345876345877 207.50000000000003 0.32656496942211233 1.0000000180025095e-35 1996.5000000000002 0.17818665377176018 27.500000000000004 313.00000000000006 0.22984936103376888 48.500000000000007 0.4422693840024518 0.29990193247795111 230.50000000000003 0.36238828301429754 0.2586344331502915 0.52849861979484569 0.40294034779071813 0.48216353356838232 0.26313032209873205 0.34634247422218328 0.45717065036131194 0.75925227999687206 0.089587440157702078 0.12748958170413974 327.50000000000006 0.44987806677818304 0.21820188313722613
decision_type=2 2 2 2 2 2 2 2 2 2 2 2 2 2 2 2 2 2 2 2 2 2 2 2 2 2 2 2 2
left_child=1 8 3 -2 14 7 22 13 -1 17 -7 -8 -10 15 -3 19 21 -4 -12 24 -19 26 -6 -23 25 -5 27 28 -9
right_child=2 4 9 5 6 10 11 16 12 -11 18 -13 -14 -15 -16 -17 -18 20 -20 -21 -22 23 -24 -25 -26 -27 -28 -29 -30
leaf_value=-0.063423737580306103 -0.014828285148610135 -0.011598907455439206 0.057716237256742957 0.040891684622141482 -0.012683362393326248 -0.020613967572910855 0.053794873811905675 0.055993921555826526 -0.04576753934528674 0.06681086836022071 0.03608006060541611 -0.011060736657767408 -0.00096383975082584776 -0.0014065972167646677 -0.033844713687220793 0 -0.00031489919812376148 0.041291705109792208 -0.0034622784159241849 -0.0033975422900681279 0 0 0.015032205624238805 0.042607734161987161 0.046168737854183385 -0.019485705325258382 0.06241443420737447 0.014881464597652331 0.031638356285755918
leaf_weight=194.53105891583618 20.801714943154366 43.904852703708457 386.78876673523337 10.972351657052057 25.987281475187046 7.8640010601520762 21.047919058255506 190.68774810575997 122.35629198673269 893.59305561729707 39.968971290771151 4.7858344307605867 9.723062616765672 7.2322920320584663 81.551787196061923 7.2904592957638661 2.6456550211441927 13.25939918815857 3.961506801453651 2.1926608883659346 5.8170992814702904 3.3689435728883828 10.482901548086373 34.501240646175575 133.83041394189058 4.9232891564242882 225.40678074315656 8.0576957615776319 25.123846318238066
leaf_count=381441 11824 32531 9579 428 19138 2178 2535 4739 163568 3348 2534 2999 9721 1426 77228 1325 796 536 579 810 825 393 6644 1414 4597 1669 2148 1634 2413
internal_value=0 -0.0398155 0.0579974 0.0477838 -0.0126477 0.0496769 0.0146499 0.0516849 -0.055271 0.0636655 0.023265 0.0408839 -0.0426892 0.0390604 -0.0264105 0.041052 0.0558358 0.0565318 0.0319602 0.0429199 0.0295932 0.0561919 -0.0038611 0.0386975 0.0437821 0.0206651 0.0575218 0.0522288 0.0534329
internal_weight=0 514.371 2028.29 728.83 187.761 708.028 62.3039 656.233 326.61 1299.46 51.7945 25.8338 132.079 166.441 125.457 159.209 489.792 405.865 43.9305 151.919 19.0765 487.146 36.4702 37.8702 149.726 15.8956 449.276 223.869 215.812
internal_count=751000 695805 55195 40907 141075 29083 31316 23792 554730 14288 5291 5534 173289 10255 109759 8829 13537 10940 3113 7504 1361 12741 25782 1807 6694 2097 10934 8786 7152
is_linear=0
shrinkage=0.05


Tree=7
num_leaves=30
num_cat=0
split_feature=6 14 10 77 72 14 72 6 8 14 10 78 14 77 77 8 68 84 8 14 87 83 100 6 78 8 85 82 96
split_gain=585.991 200.37 135.919 107.394 62.5334 54.5779 53.4299 33.4146 32.5492 28.6233 18.9555 18.6869 26.3203 16.8529 15.1112 13.2544 10.898 8.01484 7.9716 7.6605 7.29952 7.28106 6.27256 5.65014 6.73167 5.02585 5.00209 4.95369 4.41735
threshold=3.6307513718868729 0.18193811465579279 1995.5000000000002 1.0000000180025095e-35 0.2413800582289696 0.3459053038000407 0.26610141992568975 4.0570151679306621 0.39559108527131787 0.35903263403263413 1973.5000000000002 0.30805712938308721 0.33101019912578927 0.46388727426528936 0.36995793879032141 0.55045000000000011 0.08164555206894876 0.0013278258265927436 0.68301435406698574 0.45009960159362561 0.25526760518550878 0.35195769369602209 0.11874229833483697 4.1540258806613961 0.035593107342720039 0.88273322422258604 0.52172124385833751 0.088710848242044463 0.11167639493942262
decision_type=2 2 2 2 2 2 2 2 2 2 2 2 2 2 2 2 2 2 2 2 2 2 2 2 2 2 2 2 2
left_child=2 4 -1 8 7 6 10 16 22 -5 -3 12 -10 -8 21 -13 -2 25 -18 23 -16 -12 -4 24 -7 -9 27 -21 -15
right_child=1 5 3 9 -6 19 13 17 11 -11 14 15 -14 28 20 -17 18 -19 -20 26 -22 -23 -24 -25 -26 -27 -28 -29 -30
leaf_value=-0.052127553220613888 -0.031235063327006631 -0.0089085084357390602 -0.034176386474538259 -0.048764441150555247 -0.039752648249337108 0.026489186784868654 -0.013367200133619979 0.044988615582214203 -0.030190396480120119 0.013636129642467311 0.052310239313289847 0.055050870665365917 0.044275897274511367 0.040095579624793293 -0.011196092635247687 -0.041486221649530329 -0.026713922832887121 0.0084073789126892871 0.02509399847034012 0.065986000140743892 0.033595887572892134 0.015040931781884578 0.016148497828666102 0.06089363857232688 0.052728506602923025 -0.020391283184347141 0.0068111763926933036 0.00097948563897317861 -0.0085063012953413269
leaf_weight=159.2131772157918 29.186362827673292 13.598157093307234 19.477033023220432 78.895278279997001 58.399688148838322 34.552570422245481 51.863060006871819 85.374948632641463 19.615155367850093 22.636644280282781 463.6023198928342 95.493114026889089 26.502005714224651 26.666399504287259 13.757958084865093 2.7012678729370228 9.2454512911863258 23.667404723677464 24.120635858278547 533.30770322163153 20.978928746379097 16.449282788700657 7.4014493405848034 363.6740794326397 292.06227965069411 1.966834760216442 4.8495976639969731 3.762716107608866 4.2800621636561109
leaf_count=254606 33391 12672 26752 126349 71599 11765 45828 5904 21400 16893 24544 6159 4929 1969 11862 5672 8382 7991 3633 11295 1614 4750 4213 5424 12309 3389 1109 1260 3337
internal_value=0 0.0483798 -0.0155581 0.00581202 0.00444406 0.0538894 0.0413949 0.019601 0.0299937 -0.034611 0.0472415 0.0394241 0.0121038 0.00367208 0.0487876 0.0517517 -0.00922375 0.036004 0.0096514 0.0600281 0.0153391 0.0511191 -0.0193397 0.0559112 0.0501183 0.0430192 0.0651133 0.0655797 0.0325353
internal_weight=0 2075.37 431.935 272.722 231.961 1843.41 611.196 173.562 171.19 101.532 528.387 144.312 46.1172 82.8095 514.788 98.1944 62.5524 111.009 33.3661 1232.21 34.7369 480.052 26.8785 690.289 326.615 87.3418 541.92 537.07 30.9465
internal_count=751000 284027 466973 212367 134289 149738 106576 62690 69125 143242 55442 38160 26329 51134 42770 11831 45406 17284 12015 43162 13476 29294 30965 29498 24074 9293 13664 12555 5306
is_linear=0
shrinkage=0.05


Tree=8
num_leaves=30
num_cat=0
split_feature=7 7 7 10 7 8 7 6 89 0 150 150 77 95 10 10 149 85 10 133 13 133 0 150 13 40 71 132 124
split_gain=1311.23 87.2171 31.8381 22.3945 11.7863 10.7185 7.40926 4.98403 4.42787 5.32968 4.38549 4.20503 3.46427 2.90828 2.90136 2.67373 2.21613 2.16627 2.08717 1.99609 1.91085 1.62589 1.52468 1.40847 1.26489 1.25839 1.25361 1.19035 1.08733
threshold=184.00000000000003 79.500000000000014 310.50000000000006 1996.5000000000002 22.500000000000004 0.76665946479829639 210.50000000000003 3.9242713807931202 0.1626531854271889 0.78190642595291149 0.34241832792758947 0.24525456875562671 0.61978116631507885 0.38893680274486547 1996.5000000000002 1996.5000000000002 0.57175210118293773 0.4224392175674439 1986.5000000000002 0.024334242567420009 -0.53953028771026756 0.3233772367238999 0.89157509803771984 0.40908403694629675 -0.43434797616452275 0.59036958217620861 0.39666219055652624 0.41248965263366705 0.18582815676927569
decision_type=2 2 2 2 2 2 2 2 2 2 2 2 2 2 2 2 2 2 2 2 2 2 2 2 2 2 2 2 2
left_child=1 4 5 7 -1 6 12 22 9 19 16 13 18 24 25 23 26 -12 -2 -4 -9 -15 -3 27 -5 28 -8 -7 -6
right_child=2 3 8 11 14 15 10 20 -10 -11 17 -13 -14 21 -16 -17 -18 -19 -20 -21 -22 -23 -24 -25 -26 -27 -28 -29 -30
leaf_value=-0.060324825640187922 0.02099193311684075 -0.033197712676083062 0.041188350277443178 0.030256210579508815 -0.043719368586278652 0.048895913244028838 0.04463301176014195 -0.014764771013378006 0.061575605007069691 0.05458368465531404 0.025473501557706835 0 0.044080248514709403 0.050363742741536544 -0.019867747187069382 0.059308129349890805 -0.0064729495867406539 -0.0088918287067951182 -0.0046767797484558605 0.0077237226277407194 0.0048810547851717949 0 -0.01755472198720932 0.026018840348117345 0.0010356628821121591 0 0 0 0
leaf_weight=171.54116610471829 11.857940160203727 39.453578497574199 9.9504990287241544 6.2158426390960804 121.90373122650635 319.13967598066665 181.04080060501292 21.309759835567093 1045.763262839595 208.11949558794731 25.259568095134458 15.166375346409039 7.0592683469876638 14.783587254773007 23.415990497007442 120.30160819938465 1.0715348942903791 3.8266267296276046 17.23375518075045 12.389018807967657 24.470308062809636 0.96530229446943927 52.604361501966196 15.724666245267143 11.831458817221575 0.54228149724076402 1.756598663952899 1.3000813111430023 1.4675601360504504
leaf_count=351872 3691 39681 203 1932 176121 10485 10982 16565 7817 2930 3054 8233 668 2761 24445 2186 351 1097 9235 634 17594 582 47377 1083 6350 692 630 149 1600
internal_value=0 -0.0350656 0.0550558 -0.0077164 -0.0509349 0.0461954 0.0371093 -0.0181078 0.0598949 0.0519269 0.0407393 0.0208137 0.0145324 0.0303999 -0.0395004 0.0510072 0.0437627 0.0199761 0.00530504 0.0248268 -0.00384943 0.0463426 -0.0248122 0.0477954 0.0134724 -0.0428215 0.0442269 0.048702 -0.0432085
internal_weight=0 505.671 1981.79 186.801 318.871 705.572 249.106 137.838 1276.22 230.459 212.955 48.9626 36.151 33.7962 147.33 456.466 183.869 29.0862 29.0917 22.3395 45.7801 15.7489 92.0579 336.164 18.0473 123.914 182.797 320.44 123.371
internal_count=751000 695805 55195 141075 554730 43611 29708 121217 11584 3767 16114 19858 13594 11625 202858 13903 11963 4151 12926 837 34159 3343 87058 11717 8282 178413 11612 10634 177721
is_linear=0
shrinkage=0.05


Tree=9
num_leaves=30
num_cat=0
split_feature=9 9 14 14 9 29 9 10 14 9 3 9 14 96 1 93 72 89 96 0 133 14 96 75 3 2 9 14 14
split_gain=1167.52 81.8452 38.4546 24.3358 24.1497 12.1535 11.7966 10.7184 9.45203 9.03126 6.4994 6.40267 5.55618 5.23946 4.50583 4.16086 3.50941 2.69553 2.50292 2.29128 2.53153 2.21271 4.33351 2.35653 2.24807 2.04129 1.96 1.87108 1.7973
threshold=5.2203412156610947 4.3757372435704527 0.3376345876345877 0.32656496942211233 5.3399361658330653 1.0000000180025095e-35 3.1567740231385479 1996.5000000000002 0.17818665377176018 5.7493879146828943 48.500000000000007 5.7683161129574314 0.4422693840024518 0.30512464046478277 230.50000000000003 0.2586344331502915 0.25566820800304418 0.29990193247795111 0.16355110704898837 0.88870874047279369 0.39322395622730261 0.085404445816610081 0.14754186570644381 0.3659710437059403 37.500000000000007 3.6964499401675313 5.1328485759866682 0.2069395476825179 0.23380619380619386
decision_type=2 2 2 2 2 2 2 2 2 2 2 2 2 2 2 2 2 2 2 2 2 2 2 2 2 2 2 2 2
left_child=1 6 4 14 -2 8 -1 -5 13 18 -9 -7 27 16 25 19 17 21 -4 20 -10 22 24 -23 -6 -3 -16 -8 -13
right_child=2 3 9 7 5 11 12 10 15 -11 -12 28 -14 -15 26 -17 -18 -19 -20 -21 -22 23 -24 -25 -26 -27 -28 -29 -30
leaf_value=-0.0582763342757096 -0.0099495966977043264 -0.014938808939988141 0.058237155765261596 0 0.04558848897214144 -0.0089723953091570222 -0.046878723879174314 0.052915738228328825 0.041796207474929979 0.061878321232794631 -0.0041835762814490555 -0.0078815625095045357 0 -0.0018688401912350502 -0.029694414691462431 -0.0081517001631556674 -0.0068749370721570184 -0.0056717509240753316 0.047405342620096234 0.052789185858643228 0 0.042917726295191333 -0.024874319894289489 0 0 0.0059788011526187724 -0.0032831950945271895 -0.03101991417068245 0.034195699409285261
leaf_weight=164.01524733835686 19.389964367204811 24.941783323723939 157.42715791770024 36.051655888135429 7.0710319313802739 13.588881125921032 68.235717008334177 22.069032832252564 76.077284719693125 864.83920639962889 5.1761732013110295 1.398501379648226 10.622622781927928 7.9188294501072951 68.859925032869796 2.0171337815263533 3.2140987453603875 2.2062412013183339 256.26582135619537 398.26901270200324 2.9664599339012048 112.29898183589103 3.4611413531238204 4.3512037206382947 2.556143605906982 18.334494781855028 10.530141641036606 61.04760824618279 26.246182240138296
leaf_count=351872 11824 20243 3038 26028 265 4046 105877 2536 3450 3348 3000 325 11425 2014 71203 796 1028 697 7902 9003 288 4012 1414 523 302 13159 8532 81930 920
internal_value=0 -0.0327764 0.0534323 -0.0064407 0.0435513 0.0451647 -0.0487348 0.0183535 0.0469379 0.0586533 0.0414186 0.0173298 -0.0370373 0.0345583 -0.0194818 0.0505014 0.0368742 0.0381717 0.0517181 0.0508181 0.0400389 0.0391461 0.0147868 0.0415179 0.032397 -0.0055773 -0.0265867 -0.0398777 0.0309935
internal_weight=0 489.884 1961.56 185.963 683.031 663.641 303.921 63.2969 622.408 1278.53 27.2452 41.2336 139.906 143.078 122.666 479.33 135.159 131.945 413.693 477.313 79.0437 129.739 13.0883 116.65 9.62718 43.2763 79.3901 129.283 27.6447
internal_count=751000 695805 55195 144701 40907 29083 551104 31564 23792 14288 5536 5291 199232 10255 113137 13537 8241 7213 10940 12741 3738 6516 1981 4535 567 33402 79735 187807 1245
is_linear=0
shrinkage=0.05


Tree=10
num_leaves=30
num_cat=0
split_feature=7 7 14 14 7 7 10 14 77 3 14 1 7 14 89 1 73 0 1 7 7 89 85 14 149 94 14 10 7
split_gain=1038.85 84.3421 34.127 25.1814 15.2951 12.1478 11.5204 9.74315 6.71123 6.27454 5.9192 5.90788 5.78401 5.1381 4.74474 4.42821 4.14625 3.966 2.79048 3.13397 2.7823 4.19784 2.53267 2.40137 1.99741 1.95046 1.8879 1.74642 1.69557
threshold=184.00000000000003 78.500000000000014 0.3723626813852044 0.32656496942211233 207.50000000000003 22.500000000000004 1996.5000000000002 0.18038595184909409 0.35997441411018377 48.500000000000007 0.32412430148562094 677.50000000000011 313.00000000000006 0.4422693840024518 0.29990193247795111 299.50000000000006 0.018290577456355098 0.79321470856666576 214.50000000000003 327.50000000000006 310.50000000000006 0.30162820219993597 0.52849861979484569 0.11531312553617389 0.022220835089683536 0.08582820370793344 0.2069395476825179 1996.5000000000002 248.00000000000003
decision_type=2 2 2 2 2 2 2 2 2 2 2 2 2 2 2 2 2 2 2 2 2 2 2 2 2 2 2 2 2
left_child=1 5 4 15 10 -1 -5 8 14 -8 -2 16 22 26 18 23 20 24 -6 -20 21 27 -4 -3 -13 -22 -7 -9 -19
right_child=2 3 12 6 7 13 9 11 -10 -11 -12 17 -14 -15 -16 -17 -18 28 19 -21 25 -23 -24 -25 -26 -27 -28 -29 -30
leaf_value=-0.056474421568394689 -0.0083443925743704548 -0.024251326865837794 0.05249942438415317 0.00081977986255749643 0.043100447012509618 -0.044550036957214496 0.053115435303908935 0.043347102835156616 -0.016314268160697091 -0.002565183913557964 0.033476932391984841 0.026377733482665068 0.061352368433553697 0 -0.010296062683120945 -0.025596042134502252 0.0046558739678181716 0 0.0012002030115844853 0.032405808814792263 0.043470741061072238 0.023999070024343788 0.017002774187160629 0 -0.018952980998367366 0.055139465849408834 -0.028750431638693504 0.059638276501390142 0.039506141283986454
leaf_weight=157.63084152827651 18.155843339045536 11.99636646179715 317.20740247773938 35.816528930343338 81.793795129196951 66.173996626872395 25.155881935235815 171.69437788953655 5.439791855387738 5.1215330239210735 13.466956304910125 2.6246477607055549 706.38621971849352 10.632676278277357 4.3182612454838809 68.251965494717297 6.565202955476706 3.5902669836941667 12.572613630254635 35.866370291463681 95.298567490070127 31.289096228603739 8.457816694659412 40.838018149675918 5.9118998813355574 350.28744367806939 59.901605616119923 40.485290794051252 24.234996998216957
leaf_count=351872 11335 11607 7016 26028 3496 105877 2536 7172 2033 3000 1443 157 2422 11425 1663 70767 1541 628 2732 1595 1705 2914 1013 30763 1163 3590 81930 402 1175
internal_value=0 -0.0299617 0.0520268 -0.00353894 0.0446788 -0.0466113 0.0209223 0.0459256 0.0327653 0.0431167 0.00917964 0.0483602 0.0583866 -0.0347296 0.0350397 -0.0171577 0.0494545 0.0259928 0.0368004 0.025 0.0498378 0.0441153 0.0517089 -0.00551955 -0.00108961 0.0528028 -0.0375253 0.046838 0.0349183
internal_weight=0 481.519 1935.65 187.18 903.595 294.339 66.0939 871.973 139.991 30.2774 31.6228 731.982 1032.05 136.708 134.551 121.086 695.62 36.3618 130.233 48.439 689.055 243.469 325.665 52.8344 8.53655 445.586 126.076 212.18 27.8253
internal_count=751000 695805 55195 144701 44744 551104 31564 31966 11519 5536 12778 20447 10451 199232 9486 113137 17324 3123 7823 4327 15783 10488 8029 42370 1320 5295 187807 7574 1803
is_linear=0
shrinkage=0.05


end of trees

feature_importances:
movie_rating_count_before=53
user_genre_affinity=51
release_year=32
retrieval_rank=24
candidate_score=14
user_rating_count_before=14
movie_popularity_before=12
movie_avg_rating_before=10
movie_retrieval_vector_19=9
movie_retrieval_vector_23=8
movie_like_rate_before=7
movie_retrieval_vector_11=7
movie_retrieval_vector_30=6
movie_retrieval_vector_06=5
retrieval_vector_abs_diff_03=5
retrieval_vector_abs_diff_20=5
retrieval_vector_abs_diff_19=4
movie_retrieval_vector_05=3
movie_retrieval_vector_21=3
movie_retrieval_vector_27=3
movie_retrieval_vector_29=3
user_avg_minus_movie_avg=2
genre_Romance=2
movie_retrieval_vector_02=2
movie_retrieval_vector_09=2
movie_retrieval_vector_12=2
movie_retrieval_vector_16=2
movie_retrieval_vector_17=2
movie_retrieval_vector_28=2
retrieval_vector_product_20=2
retrieval_vector_abs_diff_02=2
retrieval_vector_abs_diff_11=2
retrieval_vector_abs_diff_14=2
user_avg_rating_before=1
user_like_rate_before=1
user_retrieval_vector_06=1
user_retrieval_vector_27=1
movie_retrieval_vector_00=1
movie_retrieval_vector_07=1
movie_retrieval_vector_18=1
movie_retrieval_vector_20=1
movie_retrieval_vector_26=1
retrieval_vector_product_02=1
retrieval_vector_product_14=1
retrieval_vector_product_19=1
retrieval_vector_product_21=1
retrieval_vector_product_26=1
retrieval_vector_product_29=1
retrieval_vector_abs_diff_06=1
retrieval_vector_abs_diff_17=1

parameters:
[boosting: gbdt]
[objective: lambdarank]
[metric: ndcg]
[tree_learner: serial]
[device_type: cpu]
[data_sample_strategy: bagging]
[data: ]
[valid: ]
[num_iterations: 500]
[learning_rate: 0.05]
[num_leaves: 30]
[num_threads: 8]
[seed: 42]
[deterministic: 0]
[force_col_wise: 0]
[force_row_wise: 0]
[histogram_pool_size: -1]
[max_depth: -1]
[min_data_in_leaf: 40]
[min_sum_hessian_in_leaf: 0.001]
[bagging_fraction: 0.7]
[pos_bagging_fraction: 1]
[neg_bagging_fraction: 1]
[bagging_freq: 0]
[bagging_seed: 400]
[feature_fraction: 0.8]
[feature_fraction_bynode: 1]
[feature_fraction_seed: 30056]
[extra_trees: 0]
[extra_seed: 12879]
[early_stopping_round: 0]
[first_metric_only: 0]
[max_delta_step: 0]
[lambda_l1: 0.5]
[lambda_l2: 1]
[linear_lambda: 0]
[min_gain_to_split: 0]
[drop_rate: 0.1]
[max_drop: 50]
[skip_drop: 0.5]
[xgboost_dart_mode: 0]
[uniform_drop: 0]
[drop_seed: 17869]
[top_rate: 0.2]
[other_rate: 0.1]
[min_data_per_group: 100]
[max_cat_threshold: 32]
[cat_l2: 10]
[cat_smooth: 10]
[max_cat_to_onehot: 4]
[top_k: 20]
[monotone_constraints: ]
[monotone_constraints_method: basic]
[monotone_penalty: 0]
[feature_contri: ]
[forcedsplits_filename: ]
[refit_decay_rate: 0.9]
[cegb_tradeoff: 1]
[cegb_penalty_split: 0]
[cegb_penalty_feature_lazy: ]
[cegb_penalty_feature_coupled: ]
[path_smooth: 0]
[interaction_constraints: ]
[verbosity: 1]
[saved_feature_importance_type: 0]
[use_quantized_grad: 0]
[num_grad_quant_bins: 4]
[quant_train_renew_leaf: 0]
[stochastic_rounding: 1]
[linear_tree: 0]
[max_bin: 255]
[max_bin_by_feature: ]
[min_data_in_bin: 3]
[bin_construct_sample_cnt: 200000]
[data_random_seed: 175]
[is_enable_sparse: 1]
[enable_bundle: 1]
[use_missing: 1]
[zero_as_missing: 0]
[feature_pre_filter: 1]
[pre_partition: 0]
[two_round: 0]
[header: 0]
[label_column: ]
[weight_column: ]
[group_column: ]
[ignore_column: ]
[categorical_feature: ]
[forcedbins_filename: ]
[precise_float_parser: 0]
[parser_config_file: ]
[objective_seed: 16083]
[num_class: 1]
[is_unbalance: 0]
[scale_pos_weight: 1]
[sigmoid: 1]
[boost_from_average: 1]
[reg_sqrt: 0]
[alpha: 0.9]
[fair_c: 1]
[poisson_max_delta_step: 0.7]
[tweedie_variance_power: 1.5]
[lambdarank_truncation_level: 30]
[lambdarank_norm: 1]
[label_gain: ]
[lambdarank_position_bias_regularization: 0]
[eval_at: 10,20]
[multi_error_top_k: 1]
[auc_mu_weights: ]
[num_machines: 1]
[local_listen_port: 12400]
[time_out: 120]
[machine_list_filename: ]
[machines: ]
[gpu_platform_id: -1]
[gpu_device_id: -1]
[gpu_use_dp: 0]
[num_gpu: 1]

end of parameters

pandas_categorical:[]
